1988	1.6750924673436042E7
1989	1.1040023169484511E7
1990	1.3192706620958874E7
1991	1.2069165192609925E7
1992	8927758.977115033
1993	9524259.865028193
1994	1.1536598545389062E7
1995	1.1727225375201566E7
1996	1.199597126387271E7
1997	1.0552287985399866E7
1998	1.0251539570903756E7
1999	9328194.404264946
2000	1.2780250522332227E7
2001	1.0226900917677911E7
2002	1.1605774994269665E7
2003	1.421775659984178E7
2004	1.528377417530457E7
2005	1.745817220780263E7
2006	2.309561335510047E7
2007	2.58920247040825E7
2008	3.0245684324961044E7
2009	2.5688655388272807E7
2010	2.8484557661739733E7
2011	3.7056771709060915E7
2012	3.6993817061880395E7
2013	4.000417948798862E7
2014	4.07714802568802E7
2015	3.18705453775215E7
2016	2.8671598648091204E7
